1.0       1.8     580.000
18        7        1
101325. 	288.  	385.130000	73.315819	0.000000	287.023010	0.000000	0.020000	0.002000	0.001000
2.451818  2.406911  0.601336  0.612556	36.286177	44.867378 1.217108	0.244198	1.955378	1.000000	0.51221	0.050368 0.002340	0.168598	0.000000	3.458841	1.120000	0.000000 0.000000	0.000000
2.322648  2.278103  0.634778  0.647190	35.4425 	52.57858  1.206088	0.232296	1.777923	1.000000	0.51510	0.065671 0.002351	0.174608	0.000000	4.505893	0.958000	0.000000 0.000000	0.000000
2.208045  2.175432  0.667725  0.677736	40.47656	61.26067  0.916611	0.160395	2.236257	0.000000	0.52775	0.089286 0.001943	0.000000	0.000000	0.000000	0.000000	0.000000 0.000000	0.000000
2.116705  2.081712  0.696539  0.708247	40.65641	63.62859  0.993974	0.168728	1.851622	0.000000	0.53061	0.105084 0.002206	0.000000	0.000000	0.000000	0.000000	0.000000 0.000000	0.000000
2.032016  2.003847  0.725569  0.735768	41.75833	64.00519  0.916814	0.122545	2.217805	0.000000	0.52951	0.088582 0.001463	0.000000	0.000000	0.000000	0.000000	0.000000 0.000000	0.000000
1.986491  1.985929  0.748717  0.761222	39.0994 	58.70063  0.889467	0.107979	2.253605	0.000000	0.53234	0.075470 0.001214	0.000000	0.000000	0.000000	0.000000	0.000000 0.000000	0.000000
1.985061  1.984661  0.773048  0.781982	36.47771	55.55492  0.849303	0.082527	2.675491	0.000000	0.53130	0.107822 0.001063	0.000000	0.000000	0.000000	0.000000	0.000000 0.000000	0.000000
1.983803  1.983432  0.793670  0.802405	34.93538	54.96077  0.900429	0.082545	2.426647	0.000000	0.53261	0.111282 0.001091	0.000000	0.000000	0.000000	0.000000	0.000000 0.000000	0.000000
1.982603  1.982240  0.814863  0.823612	35.68211	56.43997  0.921490	0.082564	2.170127	0.000000	0.53399	0.115894 0.001123	0.000000	0.000000	0.000000	0.000000	0.000000 0.000000	0.000000
1.981481  1.981174  0.835619  0.844293	34.30500	58.56060  0.875036	0.076694	2.067308	0.000000	0.53532	0.109096 0.000993	0.000000	0.000000	0.000000	0.000000	0.000000 0.000000	0.000000
1.981338  1.981406  0.847038  0.847768	32.84333	53.90360  0.942354	0.078137	1.934738	0.000000	0.52914	0.097885 0.000957	0.000000	0.000000	0.000000	0.000000	0.000000 0.000000	0.000000
1.981516  1.981581  0.848503  0.849213	31.30798	51.51494  0.941971	0.078164	1.915821	0.000000	0.52971	0.102773 0.000988	0.000000	0.000000	0.000000	0.000000	0.000000 0.000000	0.000000
1.981694  1.981756  0.849967  0.850649	29.01363	49.38433  0.941390	0.078174	1.897365	0.000000	0.52822	0.103758 0.000988	0.000000	0.000000	0.000000	0.000000	0.000000 0.000000	0.000000
1.981916  1.981974  0.851779  0.852435	26.80527	46.85392  0.940378	0.078162	1.875059	0.000000	0.52924	0.103511 0.000985	0.000000	0.000000	0.000000	0.000000	0.000000 0.000000	0.000000
1.982086  1.982150  0.853174  0.853889	25.27301	44.23219  0.976617	0.088849	1.633765	0.000000	0.52582	0.096525 0.001086	0.000000	0.000000	0.000000	0.000000	0.000000 0.000000	0.000000
1.982273  1.982333  0.854691  0.855379	23.58125	42.28167  0.953160	0.086782	1.655668	0.000000	0.52517	0.094193 0.001048	0.000000	0.000000	0.000000	0.000000	0.000000 0.000000	0.000000
1.982440  1.982496  0.856045  0.856716	24.00964	40.13812  0.952843	0.086813	1.639855	0.000000	0.52680	0.097072 0.001063	0.000000	0.000000	0.000000	0.000000	0.000000 0.000000	0.000000
1.982615  1.982677  0.857486  0.858157	25.82626	39.02142  0.956723	0.093047	1.514777	0.000000	0.52455	0.099965 0.001151	0.000000	0.000000	0.000000	0.000000	0.000000 0.000000	0.000000
2.391631  2.341959  0.616469  0.629544	41.234973	83.688145 1.123252	0.000000	2.966128	0.000000	0.53475	0.082834 0.003073	0.000000	0.000000	0.000000	1.000000	0.000000 0.000000	0.000000
2.260608  2.221993  0.652199  0.663533	46.26155	63.81554  0.969340	0.000000	3.075102	0.000000	0.53028	0.091452 0.002718	0.000000	0.000000	0.000000	1.000000	0.000000 0.000000	0.000000
2.162394  2.131996  0.681822  0.691543	42.83016	67.38587  1.032259	0.000000	3.446607	0.000000	0.53523	0.107175 0.002337	0.000000	0.000000	0.000000	0.000000	0.000000 0.000000	0.000000
2.071000  2.042959  0.711911  0.721682	43.26847	71.13227  1.054972	0.000000	3.300678	0.000000	0.53645	0.095353 0.002438	0.000000	0.000000	0.000000	0.000000	0.000000 0.000000	0.000000
1.998102  1.987398  0.737884  0.744079	41.94012	73.1873	  1.027918	0.000000	2.885698	0.000000	0.54113	0.084448 0.002235	0.000000	0.000000	0.000000	0.000000	0.000000 0.000000	0.000000
1.985802  1.985286  0.762978  0.769618	48.09535	78.05572  1.026735	0.000000	3.464070	0.000000	0.54405	0.113330 0.002337	0.000000	0.000000	0.000000	0.000000	0.000000 0.000000	0.000000
1.984511  1.984003  0.783511  0.790496	49.37893	78.43582  1.032601	0.000000	3.110722	0.000000	0.53920	0.116692 0.002515	0.000000	0.000000	0.000000	0.000000	0.000000 0.000000	0.000000
1.983281  1.982798  0.804500  0.811620	50.16820	78.71800  1.031290	0.000000	2.780631	0.000000	0.53946	0.118241 0.002718	0.000000	0.000000	0.000000	0.000000	0.000000 0.000000	0.000000
1.982146  1.981689  0.824925  0.832077	50.51054	78.98340  1.053918	0.000000	2.465068	0.000000	0.53971	0.119780 0.002819	0.000000	0.000000	0.000000	0.000000	0.000000 0.000000	0.000000
1.981187  1.981314  0.846359  0.846865	47.07326	69.93983  1.051046	0.000000	2.691170	0.000000	0.53914	0.145340 0.002921	0.000000	0.000000	0.000000	0.000000	0.000000 0.000000	0.000000
1.981425  1.981492  0.847871  0.848328	39.91254	67.39017  1.050432	0.000000	2.664851	0.000000	0.54143	0.145064 0.002921	0.000000	0.000000	0.000000	0.000000	0.000000 0.000000	0.000000
1.981602  1.981670  0.849318  0.849782	39.04503	64.37326  1.147481	0.000000	2.638163	0.000000	0.53961	0.143708 0.002972	0.000000	0.000000	0.000000	0.000000	0.000000 0.000000	0.000000
1.981778  1.981845  0.850762  0.851222	36.96410	61.66781  1.166747	0.000000	2.611596	0.000000	0.53820	0.143737 0.002845	0.000000	0.000000	0.000000	0.000000	0.000000 0.000000	0.000000
1.981997  1.982060  0.852552  0.852979	35.60768	59.09701  1.166000	0.000000	2.580080	0.000000	0.53533	0.140184 0.003251	0.000000	0.000000	0.000000	0.000000	0.000000 0.000000	0.000000
1.982174  1.982237  0.853995  0.854427	33.87901	56.67219  1.243693	0.000000	2.553159	0.000000	0.53725	0.138885 0.003251	0.000000	0.000000	0.000000	0.000000	0.000000 0.000000	0.000000
1.982352  1.982411  0.855451  0.855836	31.81361	54.13502  1.222803	0.000000	2.529451	0.000000	0.53376	0.121523 0.002997	0.000000	0.000000	0.000000	0.000000	0.000000 0.000000	0.000000
1.982532  1.982589  0.856905  0.857290	30.55597	52.38532  1.241931	0.000000	2.502906	0.000000	0.53313	0.121567 0.003200	0.000000	0.000000	0.000000	0.000000	0.000000 0.000000	0.000000
1.982697  1.982697  0.858211  0.858210	27.65807	57.14883  1.028185	0.000000	2.529702	0.000000	0.54898	0.189336 0.001981	0.000000	0.000000	0.000000	0.000000	0.000000 0.000000	0.000000
1.0500000     0.900000     1.00500000     1.050000
1.0500000     0.900000     1.00500000     1.050000
1.0500000     0.900000     1.00500000     1.050000
1.0500000     0.900000     1.00500000     1.050000
1.0500000     0.900000     1.00500000     1.050000
1.0500000     0.900000     1.00500000     1.050000
1.0500000     0.900000     1.00500000     1.050000
1.0500000     0.900000     1.00500000     1.050000
1.0500000     0.900000     1.00500000     1.050000
1.0500000     0.900000     1.00500000     1.050000
1.0500000     0.900000     1.00500000     1.050000
1.0500000     0.900000     1.00500000     1.050000
1.0500000     0.900000     1.00500000     1.050000
1.0500000     0.900000     1.00500000     1.050000
1.0500000     0.900000     1.00500000     1.050000
1.0500000     0.900000     1.00500000     1.050000
1.0500000     0.900000     1.00500000     1.050000
1.0500000     0.900000     1.00500000     1.050000
1.05     0.9                               
1.0      0.85                               
0.95     0.8                              
0.90     0.75 
0.85     0.7
0.80     0.65                               
0.75     0.6                              
0.000000	0.000000	0.000000	0.000000	0.000000	0.000000	0.000000	0.000000	0.000000	0.000000	0.000000	0.000000	0.000000	0.000000	0.000000	0.000000	0.000000	0.000000	0.000000
0.000000	0.000000	0.000000	0.000000	0.000000	0.000000	0.000000	0.000000	0.000000	0.000000	0.000000	0.000000	0.000000	0.000000	0.000000	0.000000	0.000000	0.000000	0.000000
0.000000	0.000000	0.000000	0.000000	0.000000	0.000000	0.000000	0.000000	0.000000	0.000000	0.000000	0.000000	0.000000	0.000000	0.000000	0.000000	0.000000	0.000000	0.000000
0.000000	0.000000	0.000000	0.000000	0.000000	0.000000	0.000000	0.000000	0.000000	0.000000	0.000000	0.000000	0.000000	0.000000	0.000000	0.000000	0.000000	0.000000	0.000000
0.000000	0.000000	0.000000	0.000000	0.000000	0.000000	0.000000	0.000000	0.000000	0.000000	0.000000	0.000000	0.000000	0.000000	0.000000	0.000000	0.000000	0.000000	0.000000
0.000000	0.000000	0.000000	0.000000	0.000000	0.000000	0.000000	0.000000	0.000000	0.000000	0.000000	0.000000	0.000000	0.000000	0.000000	0.000000	0.000000	0.000000	0.000000                                 
0.000000	0.000000	0.000000	0.000000	0.000000	0.000000	0.000000	0.000000	0.000000	0.000000	0.000000	0.000000	0.000000	0.000000	0.000000	0.000000	0.000000	0.000000	0.000000                                 
0.000000	0.000000	0.000000	0.000000	0.000000	0.000000	0.000000	0.000000	0.000000	0.020000	0.000000	0.000000	0.000000	0.000000	0.000000	0.000000	0.000000	0.000000
